-15 1.11022e-16
-14.5238 -0.275892
-14.0476 -0.345705
-13.5714 -0.193905
-13.0952 0.145732
-12.619 0.597635
-12.1429 1.06125
-11.6667 1.43343
-11.1905 1.63135
-10.7143 1.61099
-10.2381 1.37686
-9.7619 0.981065
-9.28571 0.511672
-8.80952 0.0731218
-8.33333 -0.237006
-7.85714 -0.349707
-7.38095 -0.239904
-6.90476 0.0679703
-6.42857 0.505413
-5.95238 0.975092
-5.47619 1.3725
-5 1.60921
-4.52381 1.63256
-4.04762 1.43735
-3.57143 1.06701
-3.09524 0.60395
-2.61905 0.151201
-2.14286 -0.190499
-1.66667 -0.34512
-1.19048 -0.278258
-0.714286 -0.00478995
-0.238095 0.414436
0.238095 0.88614
0.714286 1.30537
1.19048 1.57883
1.66667 1.6457
2.14286 1.49108
2.61905 1.14938
3.09524 0.696626
3.57143 0.233566
4.04762 -0.136771
4.52381 -0.331984
5 -0.308636
5.47619 -0.0719239
5.95238 0.325484
6.42857 0.795162
6.90476 1.23261
7.38095 1.54048
7.85714 1.65028
8.33333 1.53758
8.80952 1.22745
9.28571 0.788904
9.7619 0.319511
10.2381 -0.0762825
10.7143 -0.310411
11.1905 -0.330779
11.6667 -0.132855
12.1429 0.239322
12.619 0.702941
13.0952 1.15484
13.5714 1.49448
14.0476 1.64628
14.5238 1.57647
