-15 -0.759688
-14.5 -0.354924
-14 0.136737
-13.5 0.594921
-13 0.907447
-12.5 0.997798
-12 0.843854
-11.5 0.483305
-11 0.0044257
-10.5 -0.475537
-10 -0.839072
-9.5 -0.997172
-9 -0.91113
-8.5 -0.602012
-8 -0.1455
-7.5 0.346635
-7 0.753902
-6.5 0.976588
-6 0.96017
-5.5 0.70867
-5 0.283662
-4.5 -0.210796
-4 -0.653644
-3.5 -0.936457
-3 -0.989992
-2.5 -0.801144
-2 -0.416147
-1.5 0.0707372
-1 0.540302
-0.5 0.877583
0 1
0.5 0.877583
1 0.540302
1.5 0.0707372
2 -0.416147
2.5 -0.801144
3 -0.989992
3.5 -0.936457
4 -0.653644
4.5 -0.210796
5 0.283662
5.5 0.70867
6 0.96017
6.5 0.976588
7 0.753902
7.5 0.346635
8 -0.1455
8.5 -0.602012
9 -0.91113
9.5 -0.997172
10 -0.839072
10.5 -0.475537
11 0.0044257
11.5 0.483305
12 0.843854
12.5 0.997798
13 0.907447
13.5 0.594921
14 0.136737
14.5 -0.354924
15 -0.759688
